OTU_ID	D.AS10.1	D.AS10.2	D.AS11.2	D.AS13.1	D.AS14.2	D.AS15.2	D.AS16.1	D.AS18.2	D.AS2.1	D.AS22.1	D.AS22.2	D.AS23.2	D.AS5.1	D.AS6.2	D.AS7.2	D.AS9.1	NA.AS12.1	S.AS1.2	S.AS11.1	S.AS13.2	S.AS15.1	S.AS16.2	S.AS17.1	S.AS17.2	S.AS18.1	S.AS20.1	S.AS20.2	S.AS23.1	S.AS24.2	S.AS3.1	S.AS4.2	S.AS5.2	S.AS6.1	S.AS8.1	S.AS8.2
OTU_176	0	0	9	13	2	4	1	20	22	3	0	0	2	6	0	65	0	0	0	1	0	6	9	17	19	0	3	0	0	0	0	0	13	0	0
OTU_260	9	0	16	34	1	26	0	57	39	8	1	0	3	10	0	136	0	0	0	11	0	12	9	33	21	4	8	0	0	0	0	0	33	0	0
OTU_5	775	7	11010	5658	174	8975	81	13505	3759	844	581	286	1776	2912	38	15270	10	94	14	1572	16	20431	2316	5043	11705	2102	1361	21	11	29	5	10	4701	4	424
OTU_284	0	0	55	14	0	15	0	27	11	0	0	0	9	0	0	50	0	0	0	0	0	138	2	21	89	0	0	0	0	0	0	0	19	0	0
OTU_8	107	1	2328	595	1	288	16	1679	316	117	38	1	351	41	1	1848	1	2	4	14	0	8553	236	1555	1833	1	362	0	0	5	0	1	597	0	18
OTU_45	11	0	351	55	0	103	3	235	52	7	1	0	61	20	0	239	0	0	0	6	1	472	69	188	517	0	19	0	0	0	0	0	60	0	3
OTU_258	2	0	93	8	0	19	0	40	9	3	0	0	11	4	0	35	0	0	0	1	0	73	12	40	133	1	5	0	0	0	0	0	13	0	0
OTU_354	0	0	28	4	0	10	0	25	4	0	1	0	8	0	0	11	0	0	0	1	0	21	9	14	39	0	1	0	0	0	0	0	7	0	0
OTU_31	77	1	960	170	21	594	8	789	196	52	92	45	172	365	7	868	0	3	1	203	0	553	362	337	1006	241	196	2	4	3	2	1	150	0	18
OTU_213	0	0	0	0	0	0	0	0	0	0	0	0	0	0	0	0	0	0	0	0	0	0	0	0	0	0	0	0	0	0	0	0	0	11	0
OTU_51	0	0	0	0	0	0	0	0	0	0	0	0	0	0	0	0	1	0	1	0	306	0	0	2	0	3	0	2	0	0	0	1	0	1	0
OTU_42	0	0	2	56	2	0	1	0	0	0	0	0	0	0	1	0	0	0	0	0	2	0	0	0	3	0	0	4	8	0	0	2	40	275	1
OTU_11	1	9587	0	0	0	0	8	0	24	3	0	0	0	0	0	33	0	3	9	2	0	0	2	0	0	1	0	0	0	0	0	0	0	3	2
OTU_28	0	1986	0	0	2	0	1	0	4	1	1	0	0	0	0	6	0	0	11	0	0	0	1	0	0	0	0	0	0	0	1	0	0	3	0
OTU_76	0	112	0	0	0	0	0	0	0	0	0	0	0	0	0	0	0	0	0	0	0	0	0	0	0	0	0	0	0	0	0	0	0	0	0
OTU_320	1	0	0	1	0	0	0	0	0	0	3	0	0	0	0	0	0	0	0	0	0	0	0	0	0	0	0	0	1	0	0	1	3	65	0
OTU_66	1	0	0	6	1	0	0	0	0	1	2	0	0	1	0	0	0	0	0	0	0	0	0	0	0	0	0	1	8	0	0	1	5	112	0
OTU_47	0	0	2	2	4	0	0	0	1	0	6	0	0	5	1	0	1	0	0	1	0	1	0	11	0	0	0	0	3	0	0	1	7	259	0
OTU_96	0	0	1	10	1	0	0	0	0	2	4	0	1	0	0	1	0	0	0	0	0	0	0	1	0	0	0	0	3	0	0	0	5	33	0
OTU_37	0	0	6	53	4	0	0	2	3	1	30	0	0	1	0	14	2	0	2	1	0	0	0	8	0	0	0	3	9	0	1	3	51	272	0
OTU_55	0	0	0	7	2	0	0	0	1	5	45	0	0	0	1	2	0	0	1	0	0	0	0	1	0	0	0	6	9	0	0	0	8	139	1
OTU_67	0	0	0	0	0	0	0	0	3	0	0	0	0	0	0	11	0	0	0	0	0	0	0	0	0	0	0	0	0	0	0	0	0	56	1
OTU_13	242	0	110	267	116	272	22	313	105	144	538	65	24	193	22	560	45	13	11	101	192	252	71	627	236	21	412	284	355	5	2	77	280	1842	104
OTU_17	3	1	646	250	0	14	1	6	0	9	61	1	63	1	0	1	212	1	1	0	2	123	20	5	18	44	52	2011	6	1	0	325	171	594	1
OTU_356	0	0	5	6	0	1	0	0	0	0	1	0	1	0	0	1	2	0	0	0	0	2	1	1	0	0	0	20	1	0	0	3	7	24	0
OTU_509	0	0	0	5	0	8	0	6	0	1	10	0	0	3	0	0	0	0	0	3	0	0	0	0	1	0	0	2	12	0	0	0	8	47	0
OTU_516	0	0	0	0	0	0	0	0	0	0	0	0	0	0	0	0	0	0	0	0	79	0	0	0	0	0	0	0	0	0	0	0	0	0	0
OTU_448	0	0	1	25	6	7	1	8	2	0	7	0	0	4	0	7	1	0	0	1	24	2	0	0	0	0	0	0	1	0	0	1	19	59	0
OTU_46	2	1	1	18	3	4	15	3	3	7	11	0	0	5	0	9	0	0	0	0	150	0	0	6	0	0	1	1	3	0	0	0	15	93	0
OTU_18	0	0	44	242	68	136	8	426	0	12	282	1	4	111	8	0	3	1	0	60	12	99	6	14	168	0	2	115	247	1	0	6	174	1656	1
OTU_29	25	0	22	96	45	97	6	112	1	69	265	2	6	119	8	3	2	1	0	108	8	86	7	12	53	2	10	92	34	1	0	5	70	438	11
OTU_27	0	0	4	12	21	0	1	5	1	75	338	15	0	17	5	2	9	0	0	12	1	0	19	390	14	11	163	8	1	0	1	10	3	172	0
OTU_474	1	0	0	2	0	0	0	0	1	0	0	1	0	0	0	4	1	6	17	0	5	21	15	0	12	12	3	1	1	0	6	0	1	2	33
OTU_21	0	0	3	0	0	0	10	0	0	0	0	0	0	0	0	0	0	52	2807	1	67	0	0	2	1	1358	1	1	0	0	408	0	0	0	230
OTU_155	0	0	4	0	0	0	0	0	0	0	0	0	0	0	0	0	0	0	2	0	0	22	1	0	0	97	5	0	0	0	1	0	0	0	0
OTU_15	66	0	1321	268	589	405	8	1353	106	1926	56	12	420	1139	144	519	805	9	5	606	1	3960	277	285	35	964	2180	117	8	9	3	1108	249	733	22
OTU_4	218	13	587	84	10	22	74	9	302	18	12	278	96	11	9	1238	281	7619	50782	8	1464	11429	6811	112	843	5114	2391	22	39	32	11412	347	58	146	27817
OTU_438	1	0	1	1	0	1	0	0	0	0	1	2	0	0	0	5	2	35	16	0	2	34	30	1	5	12	8	0	1	0	3	0	1	0	120
OTU_376	3	0	3	0	0	0	0	0	1	0	0	1	0	0	0	1	0	35	105	0	4	27	29	0	4	62	7	0	0	0	24	0	1	3	151
OTU_547	0	0	2	1	0	0	0	0	3	1	1	2	0	0	0	23	0	0	3	0	2	32	4	0	1	1	1	0	0	0	2	0	1	0	6
OTU_406	0	0	0	0	0	0	0	0	0	0	0	0	0	0	0	0	0	22	0	0	0	0	0	0	0	0	0	0	0	0	0	0	0	0	75
OTU_56	1	0	0	0	0	1	1	1	0	1	51	0	0	0	0	0	4	0	0	0	122	0	0	0	0	0	0	1	1	0	0	1	0	13	0
OTU_65	0	0	2	40	0	0	0	0	0	0	1	0	0	2	0	0	0	0	0	1	0	0	0	0	0	0	0	0	0	0	0	0	36	0	0
OTU_427	0	0	27	43	18	9	0	1	5	6	22	26	6	13	10	12	0	1	1	9	1	8	89	65	87	24	30	5	2	1	0	1	30	4	0
OTU_125	0	0	11	4	2	2	0	3	5	3	1	0	0	4	1	9	2	27	149	3	10	42	22	7	10	47	10	0	0	0	29	7	6	3	101
OTU_1	58146	339	39453	37707	12373	27939	6639	40521	16959	9912	28124	20446	8420	24207	2862	65449	12218	11573	22803	14262	23811	105933	37687	62915	55607	49655	27393	49174	55716	3092	3670	16993	30962	66003	46684
OTU_12	355	3	1575	1501	224	579	106	1633	279	283	446	947	325	713	56	1039	212	165	330	441	650	2618	908	1876	1818	456	508	593	725	18	49	299	1263	1235	673
OTU_146	0	0	13	40	23	11	0	16	6	12	20	22	4	11	7	17	1	0	3	16	0	9	79	82	76	16	30	8	2	0	2	1	49	6	2
OTU_256	27	0	48	121	43	80	4	46	48	18	46	33	8	85	5	148	14	6	12	71	21	102	27	122	54	37	14	41	21	2	2	21	97	74	30
OTU_532	0	0	0	7	3	2	0	12	0	0	0	0	0	12	3	0	0	0	0	10	0	0	0	1	0	0	0	0	0	0	0	0	2	1	0
OTU_64	1	0	3	9	22	7	0	57	0	1	0	0	3	30	4	0	0	0	0	22	0	0	0	5	4	1	0	0	0	0	0	0	1	2	0
OTU_88	0	0	28	17	29	6	1	1	0	2	0	0	2	35	13	0	0	0	0	19	1	0	0	2	1	1	0	0	0	0	0	0	14	0	0
OTU_2	5387	5	4118	12910	5185	5829	56	8570	5703	4947	648	950	1055	8911	1623	19266	2225	132	1140	5355	13	2364	2033	5511	1194	421	3237	622	16541	456	209	3088	10802	22802	418
OTU_251	1	0	16	22	1	27	1	38	15	1	0	0	3	11	0	33	0	0	0	14	0	14	3	17	7	0	1	0	0	0	0	0	15	0	0
OTU_159	2	0	4	14	6	17	0	13	6	0	1	1	1	10	0	13	5	0	2	9	0	10	4	14	4	8	6	0	14	1	1	1	13	42	1
OTU_550	17	0	14	32	7	20	0	21	15	6	1	1	4	14	5	57	8	0	2	12	0	5	6	19	3	2	8	3	36	3	0	10	21	25	2
OTU_500	1	0	7	31	8	26	1	13	9	11	3	2	1	20	3	33	4	0	0	13	0	5	1	7	0	1	2	2	6	0	0	2	22	33	0
OTU_467	3	0	35	145	51	105	0	39	52	24	12	8	11	120	8	139	6	9	1	66	0	28	3	54	24	6	10	4	19	0	1	6	120	88	16
OTU_135	18	1	106	447	157	274	5	128	127	111	34	35	37	310	44	336	24	13	11	219	0	60	51	174	33	9	56	20	73	0	2	25	384	326	50
OTU_134	16	0	5	29	11	4	0	11	1	6	2	4	0	16	2	16	5	0	0	14	0	2	2	10	0	1	4	0	27	2	1	3	16	94	1
OTU_507	26	0	0	4	2	4	0	0	10	6	0	0	0	2	0	27	13	0	0	1	0	5	0	1	0	1	0	0	4	5	0	18	2	15	0
OTU_395	7	0	0	1	0	1	0	0	2	2	0	0	0	0	0	12	9	0	1	0	0	0	0	0	0	0	1	0	2	2	0	5	1	6	0
OTU_431	1	0	0	22	2	1	0	2	6	3	0	0	0	3	1	12	0	0	0	10	4	0	0	1	0	0	0	2	1	1	0	1	16	40	0
OTU_449	1	0	13	14	17	0	1	0	1	18	4	17	1	36	5	5	0	0	2	24	0	1	5	8	7	14	29	1	4	0	0	2	7	1	0
OTU_578	0	0	4	5	16	0	0	0	1	11	0	32	2	14	6	1	0	0	2	17	0	0	48	13	2	13	50	0	0	0	0	0	6	0	0
OTU_9	312	1	518	342	585	18	0	45	23	767	57	928	100	1056	205	148	139	137	152	504	4	81	1024	530	133	1370	2708	25	1120	12	27	200	287	272	626
OTU_543	7	0	14	23	22	0	0	0	4	16	0	10	3	52	6	4	3	0	2	35	0	0	18	27	5	10	24	0	31	0	1	7	20	5	2
OTU_149	1	0	7	10	10	0	0	0	1	14	2	9	3	40	2	4	5	0	0	25	0	4	9	11	3	7	11	0	6	0	0	4	5	2	1
OTU_207	0	0	0	2	1	0	1	17	0	1	1	0	0	0	1	6	1	0	0	1	1	0	0	3	0	0	0	1	9	0	0	0	3	59	0
OTU_502	0	0	1	6	0	0	0	1	3	0	0	0	1	0	0	13	0	0	0	0	0	0	0	0	0	0	0	1	3	0	0	0	1	22	0
OTU_303	0	0	0	4	0	2	0	5	0	0	0	0	0	2	1	1	0	0	0	2	29	0	0	0	1	0	0	0	0	0	0	0	3	20	0
OTU_309	0	0	0	3	1	0	1	7	0	0	2	0	0	2	0	0	0	0	0	0	2	0	0	0	0	0	0	0	0	0	0	0	4	34	0
OTU_34	0	0	1	94	22	38	21	76	23	6	5	0	1	43	3	110	1	0	0	20	792	2	4	2	8	0	1	2	20	0	0	0	65	309	0
OTU_33	0	0	0	61	23	41	5	20	11	2	7	0	2	40	4	55	2	1	0	25	112	1	0	1	4	1	0	2	9	0	0	4	72	504	0
OTU_39	1	0	6	146	63	33	5	31	38	3	9	0	2	73	10	110	3	0	0	58	84	0	0	1	4	0	0	4	12	0	0	3	120	672	0
OTU_429	0	147	0	0	0	0	0	0	0	1	0	0	0	0	0	2	0	1	11	0	0	2	0	0	0	0	0	1	0	0	0	1	0	0	0
OTU_224	1	70	0	0	0	0	0	0	0	0	0	0	0	0	0	1	0	1	1	0	0	0	1	0	1	0	12	0	1	0	0	0	0	0	1
OTU_476	0	61	0	0	0	0	1	0	0	0	0	0	0	0	0	0	0	2	33	0	0	0	1	0	0	0	0	0	0	0	13	0	0	1	7
OTU_30	0	2	0	45	9	3	3	12	7	6	9	0	0	19	0	38	4	0	0	4	53	2	0	0	0	0	0	4	6	1	0	5	27	737	1
OTU_82	0	0	6	79	12	1	3	7	13	3	2	0	1	10	4	45	0	0	0	9	73	0	0	1	0	0	0	2	2	0	0	3	51	379	0
OTU_44	0	0	9	75	14	3	3	31	22	3	6	0	3	14	1	66	2	1	0	2	34	1	0	20	0	0	0	0	5	0	0	2	63	371	0
OTU_219	0	0	0	8	1	2	0	26	1	1	3	0	0	1	0	12	0	0	0	0	4	0	0	3	3	0	0	1	1	0	0	0	2	57	0
OTU_131	0	0	1	10	1	0	0	56	3	2	1	0	0	0	2	5	0	0	0	0	3	0	0	1	0	0	0	0	2	0	0	0	9	55	0
OTU_97	0	0	1	2	0	1	2	14	7	4	0	0	0	3	2	19	0	0	0	0	4	1	0	19	0	1	1	1	4	0	0	0	3	122	0
OTU_183	1	0	0	3	1	1	0	14	2	2	0	0	0	0	0	10	1	0	0	0	6	0	0	16	1	2	0	0	1	0	0	2	5	60	0
OTU_161	0	0	0	2	2	1	0	1	1	1	4	0	0	1	1	9	0	0	0	5	0	0	0	7	1	0	2	1	2	0	0	0	2	36	0
OTU_25	263	0	81	198	23	31	1	1	126	119	6	1	14	89	7	541	22	0	4	65	37	141	0	30	14	27	8	5	103	14	1	29	180	311	6
OTU_24	298	0	7	98	72	12	0	0	41	116	11	18	2	52	14	168	52	2	6	28	1	18	0	10	0	1	4	15	351	13	3	55	58	929	7
OTU_41	0	1	4	20	8	5	1	9	13	8	7	0	2	8	1	83	2	1	0	1	4	0	0	34	0	0	0	0	11	0	0	6	22	412	2
OTU_152	0	0	0	4	1	0	1	1	1	0	3	0	0	0	0	9	0	0	0	0	4	0	0	1	0	0	0	0	1	0	0	0	6	32	0
OTU_14	2250	0	6	50	29	43	1	1	200	178	9	0	2	37	16	906	523	15	77	10	0	111	1	7	0	0	40	13	121	121	9	605	38	614	47
OTU_170	11	0	0	0	1	0	1	0	4	3	0	0	0	1	0	8	6	0	0	0	0	1	0	0	0	0	0	0	4	1	0	9	1	10	0
OTU_10	256	2	238	631	512	69	7	827	930	879	105	298	64	458	153	3149	196	4	199	256	0	264	848	721	290	56	1052	45	855	19	50	223	537	701	17
OTU_93	0	0	0	1	1	0	0	8	2	0	3	0	0	0	0	2	0	0	0	1	0	0	0	31	4	0	1	0	11	0	0	1	2	19	0
OTU_59	0	0	0	1	2	0	0	3	12	1	113	2	0	4	0	32	0	0	0	2	0	0	0	10	0	0	0	2	37	0	0	0	4	12	0
OTU_7	22	6	927	1673	1199	102	8	155	129	733	809	1430	180	520	298	535	33	35	18	329	5	193	3861	1930	1649	460	2609	82	39	3	7	32	1304	169	136
OTU_3	7	6	28	9	5	44	2	1	3	6	0	0	2	4	1	12	8	14566	1	2	0	1	3	3	4	10	3	0	1	3	2	0	4	27	59327
OTU_190	0	0	6	11	8	11	0	3	8	5	4	4	4	15	3	21	0	0	0	7	0	13	1	5	1	3	9	3	2	0	1	1	5	16	0
OTU_6	124	3	1723	4824	2283	3591	115	2672	2039	2534	2540	1739	559	4531	671	7640	320	17	86	2741	214	6422	634	1643	1021	706	2149	1382	564	21	27	428	3843	4615	50
OTU_322	1	0	19	77	34	50	0	33	31	21	2	11	0	62	6	129	6	0	1	50	0	19	5	39	20	1	9	2	5	0	0	5	64	57	0
OTU_80	1	0	8	66	28	72	0	20	41	30	5	1	1	63	2	95	3	0	0	60	0	5	5	13	5	2	8	2	7	0	0	5	76	69	0
OTU_143	2	0	39	112	74	30	0	18	22	59	38	64	9	70	11	76	2	0	0	52	1	8	45	54	32	20	70	3	4	0	0	2	107	29	1
OTU_321	5	0	65	130	64	9	0	12	8	22	53	87	19	37	12	34	2	44	0	28	3	16	284	212	239	69	116	5	2	1	1	1	105	5	167
OTU_436	0	0	6	21	7	0	0	1	1	1	0	1	0	4	2	4	0	0	1	1	0	0	14	15	3	0	6	0	0	0	0	0	12	0	0
OTU_116	0	0	0	1	1	0	0	0	0	0	0	0	0	0	0	0	0	0	0	5	0	0	0	0	0	0	0	0	0	0	0	0	3	49	0
OTU_60	0	0	0	16	12	3	0	0	9	2	2	0	0	6	5	22	0	0	0	4	0	0	0	0	0	0	0	1	10	0	0	4	9	147	2
OTU_280	0	0	0	1	0	0	0	0	0	0	25	0	0	0	0	0	0	0	0	0	0	0	0	0	0	0	0	0	0	0	0	0	0	75	0
OTU_107	0	0	0	1	0	1	0	0	1	0	2	0	0	0	0	3	0	0	1	0	1	0	0	0	0	0	0	0	1	0	0	0	3	39	1
OTU_58	0	0	0	16	5	0	0	0	6	3	1	0	0	2	1	2	0	0	0	3	0	0	0	0	0	0	0	1	2	0	0	1	32	129	0
OTU_72	0	0	0	9	0	0	0	0	2	0	0	0	1	1	0	2	0	0	1	1	0	0	0	0	0	0	3	0	1	0	1	0	6	202	2
OTU_86	0	0	0	3	1	2	0	1	0	0	0	0	0	2	0	0	0	0	0	1	0	0	0	0	0	0	0	0	0	0	0	0	4	42	1
OTU_117	0	0	0	12	3	0	0	0	1	1	0	0	0	3	2	1	0	0	0	1	1	0	0	0	0	0	0	0	0	0	0	0	15	57	1
OTU_57	0	0	0	1	1	1	0	0	2	17	2	0	1	0	1	0	0	0	0	1	0	0	0	0	0	0	0	0	0	0	0	2	6	135	1
OTU_222	0	0	0	1	0	0	0	0	0	0	0	0	0	1	0	0	0	0	0	0	0	0	0	0	0	0	0	0	0	0	0	0	0	72	0
OTU_223	0	0	0	0	1	0	1	0	0	0	0	0	0	0	0	1	0	0	0	0	0	0	0	0	0	0	0	0	0	0	0	0	3	58	0
OTU_285	0	0	0	0	0	0	0	0	0	0	0	0	0	0	0	0	0	0	0	0	0	0	0	0	0	0	0	0	0	0	0	0	1	81	0
OTU_68	0	0	0	1	3	0	0	0	0	1	0	0	0	1	2	0	0	0	0	0	0	0	0	0	0	0	0	0	0	0	0	0	13	209	0
OTU_77	0	0	1	13	1	0	0	0	0	1	0	0	0	0	0	2	0	0	0	0	0	0	0	1	0	0	0	0	3	0	0	0	19	50	0
OTU_249	5	0	0	0	0	0	70	3	0	0	0	0	1	0	0	0	0	0	0	0	1	0	0	0	0	0	0	1	0	0	0	2	0	0	0
OTU_115	0	0	1	2	1	0	105	6	0	0	0	2	0	0	0	0	0	0	0	0	2	0	0	0	1	0	0	6	1	0	0	0	0	1	0
OTU_89	0	0	0	0	0	1	0	3	0	0	0	0	0	0	0	0	0	0	0	0	7	0	0	1	0	0	0	1	4	0	0	0	0	80	1
OTU_52	3	0	0	0	0	0	173	3	0	0	0	0	0	0	0	0	0	0	0	1	1	0	0	0	0	0	0	2	0	1	0	0	0	0	0
OTU_81	0	0	0	0	0	0	0	0	0	0	0	0	0	0	0	0	0	0	0	0	0	0	0	0	0	0	0	0	3	0	1	0	0	64	0
OTU_91	0	0	0	9	2	2	0	0	4	1	2	0	0	1	1	26	0	0	0	0	9	4	0	8	0	1	0	0	0	0	0	0	6	82	0
OTU_109	0	0	0	14	6	1	1	0	5	1	7	0	1	5	2	10	1	0	0	4	2	0	0	1	0	0	0	0	1	0	0	0	18	90	0
OTU_399	0	0	0	14	5	0	1	0	1	3	7	0	0	0	0	3	0	0	0	2	31	0	0	0	0	0	0	1	1	0	0	1	12	31	0
OTU_94	0	0	0	14	3	0	5	0	4	0	7	0	0	1	0	14	0	0	0	2	1	1	0	0	0	0	0	0	1	0	0	0	10	59	0
OTU_54	1	0	2	23	4	1	1	1	1	3	13	0	2	3	2	39	1	0	0	1	0	0	0	1	0	0	0	0	10	0	0	1	33	127	0
OTU_35	6	0	4	63	36	13	3	55	19	3	244	0	0	28	6	85	3	1	2	16	17	0	0	8	6	1	0	1	20	0	1	5	53	263	2
OTU_22	3	0	8	346	112	12	2	6	106	28	264	0	1	20	34	373	7	4	3	21	12	6	0	18	0	0	0	19	46	0	0	4	288	1222	9
OTU_447	0	0	0	26	1	1	0	0	4	0	0	0	0	2	0	18	0	0	0	2	0	0	0	0	0	0	0	0	2	0	0	1	12	37	0
OTU_197	0	0	0	8	4	0	0	6	1	4	15	0	0	1	1	6	0	1	0	1	1	0	0	3	0	0	0	1	6	0	0	0	3	23	0
OTU_49	4	4	1	28	2	1	3	2	3	0	55	0	0	0	0	43	1	1	1	1	47	3	0	3	0	0	0	0	0	0	0	1	12	41	1
OTU_26	0	0	4	170	40	1	1	19	82	28	133	0	5	17	9	336	1	1	1	11	2	2	0	6	0	0	1	12	33	0	0	1	129	1135	6
OTU_71	0	0	0	10	5	0	7	11	0	3	25	0	0	1	3	5	1	0	0	1	2	0	0	2	2	0	1	0	3	0	0	0	6	39	0
OTU_306	0	0	0	1	0	0	1	0	0	0	40	0	0	0	0	1	0	0	0	0	0	0	0	0	0	0	0	2	6	0	0	0	0	0	0
OTU_85	0	0	1	11	1	0	0	6	1	0	7	0	0	4	0	5	0	0	0	4	0	0	0	1	2	0	0	0	5	0	0	0	1	20	0
OTU_248	0	0	0	0	1	0	0	0	0	2	45	0	0	0	0	2	0	0	0	0	1	0	0	0	0	0	0	0	1	0	0	0	1	0	0
OTU_48	0	0	0	15	7	0	2	4	5	5	10	0	0	10	2	17	0	1	0	1	0	0	0	1	2	1	0	1	21	0	0	1	17	78	1
OTU_98	0	0	0	3	5	0	0	0	0	0	0	0	0	1	0	1	0	0	0	0	0	0	0	0	0	0	0	0	0	0	0	0	8	102	0
OTU_43	0	440	0	0	0	0	4	0	10	0	0	0	0	0	0	15	0	0	1	0	0	0	0	0	0	2	0	0	0	0	2	0	0	6	0
OTU_276	0	0	0	0	0	0	0	0	0	1	0	0	0	0	0	0	0	0	0	0	0	0	0	0	0	0	0	0	0	0	0	1	3	49	0
OTU_100	0	0	0	0	0	0	0	0	0	58	0	0	0	1	0	2	0	0	0	0	0	0	0	0	0	0	0	0	0	0	0	0	3	18	0
OTU_53	0	0	0	7	3	2	6	1	0	14	4	0	2	0	1	1	0	0	0	1	2	0	0	0	0	0	1	0	1	0	0	1	12	61	0
OTU_283	0	0	0	3	4	4	0	0	0	0	0	0	0	7	0	0	0	0	0	18	0	0	0	0	0	0	0	0	0	0	0	0	16	36	0
OTU_90	0	0	0	3	0	2	2	0	1	0	1	0	0	0	0	1	0	0	0	0	48	1	0	0	0	0	0	0	0	0	0	0	4	47	0
OTU_163	0	0	0	0	0	0	0	0	1	0	0	0	0	0	0	1	0	0	0	1	0	0	0	0	0	0	0	0	0	0	0	0	1	48	0
OTU_40	1	0	1	47	19	44	1	2	4	7	9	0	2	25	4	8	0	0	0	14	4	0	0	4	0	0	2	1	9	0	0	3	43	223	0
OTU_50	0	0	0	21	9	1	0	0	1	9	3	0	0	4	0	7	0	0	0	3	0	0	0	0	0	0	0	0	1	0	0	0	27	279	0
OTU_87	0	0	0	6	0	1	0	0	3	1	0	0	0	0	0	0	0	0	0	0	6	0	0	0	0	0	0	0	0	0	0	0	4	79	0
OTU_104	0	0	1	31	6	2	0	2	1	8	2	0	0	1	1	1	0	0	0	2	6	0	0	0	0	0	1	0	4	0	1	0	33	119	1
OTU_99	0	0	0	0	0	0	0	0	0	1	0	0	0	0	0	0	0	0	0	0	0	0	0	0	0	0	0	0	0	0	0	0	0	0	0
OTU_63	0	0	0	6	0	1	0	0	0	2	2	0	0	3	0	0	0	0	0	3	0	0	0	1	0	1	0	0	0	0	0	0	23	230	1
OTU_70	0	0	0	0	0	0	0	0	0	0	0	0	0	0	0	3	0	0	0	1	0	0	0	0	0	0	0	0	0	0	0	0	0	64	0
OTU_106	0	0	0	4	2	1	0	0	0	0	0	0	0	1	1	0	0	0	0	6	0	0	0	0	0	0	0	0	0	0	0	0	0	86	0
OTU_79	0	0	0	0	0	0	0	0	0	0	0	0	0	0	0	0	0	0	0	0	0	0	0	0	0	0	0	0	0	0	0	0	0	73	0
OTU_228	0	0	0	2	2	0	0	0	0	2	1	0	0	1	0	0	0	0	0	0	0	0	0	0	0	0	0	0	1	0	0	0	5	88	0
OTU_153	0	0	0	0	0	0	0	0	0	0	0	0	0	0	0	0	0	0	0	0	0	0	0	0	0	0	0	0	0	0	0	0	0	50	0
OTU_214	0	0	0	2	1	0	0	0	0	4	0	0	0	1	1	0	0	0	0	0	0	0	0	0	0	0	0	0	0	0	0	0	1	59	0
OTU_103	0	0	0	1	0	0	0	0	0	3	0	0	0	0	3	1	0	1	0	1	0	0	0	0	0	0	1	0	1	0	0	1	8	89	0
OTU_62	0	0	0	2	2	1	0	0	4	0	0	0	0	1	1	1	0	0	0	0	0	0	0	0	0	0	0	0	0	0	0	0	12	163	0
OTU_61	0	0	0	31	4	0	0	1	4	1	3	0	0	5	1	14	0	0	0	3	0	0	0	0	0	0	1	0	1	0	0	0	30	17	0
OTU_217	0	0	0	8	1	0	2	1	0	0	3	0	0	1	0	4	0	0	0	0	9	0	0	0	0	0	0	0	0	0	0	0	7	25	0
OTU_38	0	0	0	0	0	0	0	0	0	0	0	0	0	0	0	0	0	0	0	0	453	0	1	0	0	0	0	0	0	0	0	0	0	4	0
OTU_32	0	0	0	13	3	0	0	0	0	3	2	0	0	2	4	2	0	1	0	2	1	0	0	0	0	0	0	0	0	0	0	0	23	846	1
OTU_19	0	0	1	333	58	7	0	0	54	91	35	0	0	29	17	63	0	0	0	25	0	0	0	2	0	0	0	0	49	0	0	4	242	2447	1
OTU_245	0	0	0	0	0	0	0	0	0	0	0	0	0	0	0	0	0	0	0	0	42	0	0	0	0	0	0	2	7	0	0	0	0	0	0
OTU_83	0	0	0	8	5	1	0	0	0	3	0	0	0	2	1	1	0	0	0	2	0	0	0	0	0	0	0	0	2	0	0	0	11	144	0
OTU_84	0	0	1	12	2	1	0	2	5	1	3	0	0	1	1	8	0	0	0	0	0	0	0	1	0	0	0	2	8	0	0	1	14	134	0